6291204661
1756796106
6716561862
6156380294
6422576491
1441485459
6375511229
5444968897
6653573130
1319950538
1867296207
6325295720
6576270268
5489439913
700440300
6001951452
6242676952
1568564570
1171976137
5813403535
2052035853
5286073093
5195084830
964599061
5002056194
5613512299
6935697119
6265170285
6537829883
1464514625
6035523795
6659652229
6546885174
6245128154
1050595595
1403993313
5871978298
6391658285
6188717287
1324590751
6481656508
6632290116
908731482
5750586305
1718738592
6829769147
1833709942
5233465860
5388188167
5148767495
5670381182
855657452
6609615103
7168655327
6854054188
1921280839
5558249587
1388937174
1377104120
6652287427
5409912189
6940345688
1376370815
6460703454
6614665613
6738017108
6308772101
5124386608
6541420509
6512773004
5350329498
6116329157
914478629
5364051341
6761044074
5821520121
6696344258
5007354893
5032657924
6410456322
5596856157
5491047155
6431057348
5115439364
5664299660
5057623667
6716561862
6716561862
6716561862
6716561862
6716561862
6716561862
6716561862
6716561862
1441485459
6417994423
5730774157
1867296207
6188717287
1324590751
6716561862
6716561862
1319950538
5005121977
6595221179
5400400900
6375527505
927842586
5781126889
5405241290
5973752442
6006510168
5490641760
5629804658
1820499356
6797283566
5652494498
5183833463
5565218213
7156188859
5886463657
1883844141
555353604
6631941670
6590905053
1842794304
6606993263
6494199302
5267632172
7130953659
5415692078
1900415379
6188717287
2080780984
2080780984
5785988849
5479759724
5605747843
6073383566
6456917167
1295909480
6577092363
2004599652
777884361
1723037810
1159842688
7128155975
6027414292
1869449360
6296397670
1219448009
6795183927
1864200893
5389157331
6438969887
650620217
5105495642
5539852932
6715488893
1918175046
5197276170
7180548851
5820812593
5490240511
6460703454
6460703454
6653573130
6362329574
6362329574
6459418207
1576069884
5656531114
6688384737
6000074847
6554805251
1516077590
5842903725
5122281931
6319579484
1495547222
5820812593
6808077277
6808077277
5949303408
1621187918
5078372884
6561608767
6954657730
5851251264
6789420620
1545321112
6925805179
6441486238
5405809330
6110616767
6423343254
1965898154
5383943299
5803180946
6053593241
1455730719
5436341773
6362704844
5652674405
958911611
6551622694
1942636368
1851172384
1721922870
1930398638
5868862961
5515858436
1609002531
5133619638
5121589827
6940345688
6642197018
6375511229
5970140199
1388937174
6693180754
7068660247
54363417735744280136
6664582540
5095762395
60369201766421164902
6421164902
5321937476
6910026818
978173501
6716813878
1850415945
5439878112
6337593146
6368885330
1891797716
